12
19
38
39
17
27
36
19
46
41
30
46
24
4
42
38
30
21
9
23
38
8
34
47
31
19
47
45
23
43
19
19
43
31
2
27
36
25
46
1
25
43
11
15
31
13
42
36
38
47
2
16
11
29
22
25
5
22
39
42
11
46
22
3
24
21
36
45
40
26
35
42
14
44
28
31
3
25
10
34
21
3
38
17
25
4
37
38
7
38
11
40
27
14
38
21
13
43
36
33
6
7
4
35
24
43
14
2
47
15
44
16
24
28
1
2
16
12
45
3
33
5
30
3
38
11
5
34
31
16
6
1
47
22
14
27
13
43
20
12
46
12
3
28
31
24
38
29
25
44
13
44
47
5
19
15
4
14
5
14
0
26
2
6
38
7
19
28
10
47
33
2
38
4
18
25
39
6
31
43
26
37
18
35
40
40
6
2
35
18
19
8
15
12
20
7
4
1
34
33
41
43
17
12
22
21
19
41
18
11
21
3
33
41
29
8
37
20
28
35
12
36
3
35
37
20
41
25
34
27
40
45
0
4
1
16
44
16
16
24
18
30
23
4
21
42
21
22
22
23
4
43
41
42
7
47
43
1
11
35
28
12
0
46
2
12
39
42
17
28
31
7
12
41
47
40
2
45
39
38
2
31
47
27
12
21
5
1
43
6
34
2
46
31
10
35
28
4
24
16
8
33
32
21
9
13
45
33
37
46
13
37
33
18
18
23
47
41
22
48
44
27
40
31
23
1
23
3
43
21
47
12
26
40
10
42
41
10
23
23
24
6
29
42
22
16
25
37
13
42
12
23
45
34
43
16
40
18
26
3
3
6
43
6
42
2
4
22
34
30
32
22
3
15
31
34
23
45
6
33
47
36
19
24
36
4
19
9
43
48
2
48
42
47
27
16
1
44
23
15
47
48
20
9
35
40
26
28
3
29
20
27
8
20
8
1
46
1
41
40
30
18
33
30
27
41
33
47
12
4
38
7
17
28
43
8
45
33
12
12
44
38
9
30
32
36
29
44
25
18
12
34
12
37
33
36
18
42
22
27
26
15
25
10
3
33
4
24
15
41
18
48
48
19
3
20
18
47
20
35
4
47
1
7
22
24
43
13
23
31
30
10
1
29
25
41
26
33
4
2
2
36
25
12
48
36
29
35
5
31
22
40
