23
29
5
40
21
34
36
21
28
13
28
4
25
43
21
7
13
41
15
16
47
11
18
47
41
30
27
35
31
10
48
32
48
5
30
46
32
12
26
33
3
16
5
11
3
14
21
29
5
41
22
30
28
29
2
20
22
26
34
3
22
38
16
36
10
8
18
1
30
31
5
1
9
3
31
42
39
33
26
46
4
30
33
45
46
10
44
14
41
13
15
39
27
34
21
22
32
44
13
6
9
28
39
44
31
26
47
16
18
6
7
43
30
34
25
40
41
28
2
1
29
38
3
7
4
12
41
35
25
32
7
46
6
32
36
21
36
35
45
26
13
45
14
10
38
31
11
5
40
24
31
24
9
14
20
33
19
15
29
7
14
42
43
40
44
24
8
29
25
24
20
14
17
25
35
39
9
39
1
25
29
41
4
16
18
8
42
33
21
47
21
16
43
15
34
42
22
36
10
27
27
20
23
45
12
34
9
28
11
25
36
41
7
10
26
0
37
3
8
26
44
43
9
33
24
29
32
14
18
43
43
39
0
13
20
26
14
41
7
41
33
22
46
13
28
23
36
41
24
11
3
11
34
45
19
31
23
30
25
29
21
21
29
5
43
0
7
5
28
32
21
36
31
4
2
40
26
15
29
38
14
24
36
14
43
39
41
43
25
9
40
36
16
16
38
13
20
1
13
14
19
10
21
8
30
27
34
46
29
3
47
23
20
10
1
16
27
20
40
25
35
47
46
18
44
8
26
32
5
13
29
6
40
40
26
6
43
4
40
20
6
42
13
3
35
19
43
3
18
20
29
43
39
36
3
0
24
11
14
4
20
21
17
27
17
7
36
32
27
42
42
7
34
32
25
24
24
19
12
40
10
28
24
31
14
40
37
5
42
41
26
25
3
44
21
35
18
26
24
46
25
22
10
40
25
25
10
7
33
11
30
6
0
23
32
6
47
24
12
39
0
43
18
12
47
14
17
4
39
26
35
21
23
7
31
27
38
22
27
15
42
44
25
44
19
39
4
3
6
39
42
18
12
2
30
47
12
39
4
9
17
35
38
33
38
45
44
30
4
7
30
25
11
33
36
39
15
34
5
31
6
24
3
43
27
3
14
29
18
45
14
21
42
10
3
21
27
18
22
35
46
45
12
36
17
5
21
13
22
6
31
15
